{
  "stereo_left": {
    "X_WC": [
      [
        0.9928680720202214,
        -0.04328001927673711,
        -0.1110847941626032,
        0.004126292393479907
      ],
      [
        0.04328001927673711,
        -0.7373557228976826,
        0.6741167390278533,
        -0.09392373105693781
      ],
      [
        -0.1110847941626032,
        -0.6741167390278533,
        -0.730223794917904,
        0.07127037073120226
      ],
      [
        0.0,
        0.0,
        0.0,
        1.0
      ]
    ],
    "video_path": "videos/stereo_left.mp4",
    "metadata_path": "videos/stereo_left.json",
    "coordinate_frame": "right_handed_table_world_z_up_m",
    "baseline_source_m": 0.00530606823731539
  },
  "stereo_right": {
    "X_WC": [
      [
        0.9928680720202214,
        -0.04328001927673711,
        -0.1110847941626032,
        0.009394518134270974
      ],
      [
        0.04328001927673711,
        -0.7373557228976826,
        0.6741167390278533,
        -0.09369408432134312
      ],
      [
        -0.1110847941626032,
        -0.6741167390278533,
        -0.730223794917904,
        0.07068094723324736
      ],
      [
        0.0,
        0.0,
        0.0,
        1.0
      ]
    ],
    "video_path": "videos/stereo_right.mp4",
    "metadata_path": "videos/stereo_right.json",
    "coordinate_frame": "right_handed_table_world_z_up_m",
    "baseline_source_m": 0.00530606823731539
  }
}